0 0 0 
0 0 0 
0 0 0 
0 0 0 
0 0 0 
0 0 0 
0 0 0 
0 0 0 
0 0 0 
0 1 1 
0 0 0 
0 0 0 
0 0 0 
0 0 0 
0 0 0 
0 0 0 
0 0 0 
3 42 6 
2 13 1 
0 0 0 
0 0 0 
0 0 0 
0 0 0 
0 0 0 
0 0 0 
0 0 0 
0 0 0 
0 0 0 
0 0 0 
0 0 0 
0 0 0 
0 0 0 
0 0 0 
0 0 0 
0 0 0 
9 67 15 
0 0 0 
0 0 0 
0 0 0 
0 0 0 
0 0 0 
0 0 0 
0 0 0 
0 0 0 
1 0 0 
0 0 0 
0 0 0 
0 0 0 
0 0 0 
0 0 0 
0 0 0 
1 0 0 
0 0 0 
11 75 14 
0 0 0 
0 0 0 
0 0 0 
0 0 1 
0 0 0 
0 0 0 
0 0 0 
0 0 0 
0 0 0 
0 0 0 
0 0 0 
0 0 0 
0 0 0 
0 0 0 
0 0 0 
0 0 0 
0 0 0 
0 0 0 
0 0 0 
0 0 0 
0 0 0 
0 0 0 
0 0 0 
0 0 0 
0 3 7 
0 0 0 
0 0 0 
0 2 3 
0 2 0 
0 0 0 
0 0 0 
0 0 0 
0 0 0 
0 7 0 
0 1 0 
0 0 2 
0 4 4 
0 20 0 
0 0 0 
1 0 0 
2 0 0 
1 0 2 
2 4 0 
0 0 0 
1 0 0 
0 0 1 
0 0 0 
0 0 0 
0 0 0 
0 0 0 
0 0 1 
0 0 0 
0 1 0 
0 0 0 
0 10 6 
0 12 2 
0 0 0 
0 8 3 
0 0 0 
0 13 19 
0 12 5 
0 0 0 
0 0 0 
0 1 3 
0 3 0 
0 0 0 
0 0 0 
0 0 0 
0 0 12 
0 12 4 
0 0 0 
0 0 0 
0 6 5 
0 23 0 
0 0 0 
0 0 0 
3 0 0 
3 3 2 
1 1 0 
1 2 0 
1 0 0 
0 8 3 
0 3 2 
0 0 0 
0 0 0 
0 0 0 
0 5 8 
0 10 1 
0 1 0 
0 0 0 
0 18 18 
0 20 2 
0 6 3 
8 16 6 
0 10 0 
0 0 2 
0 2 0 
2 5 0 
5 1 3 
0 0 0 
0 0 0 
0 0 0 
0 0 0 
0 2 6 
1 10 5 
0 4 0 
4 31 9 
0 35 9 
0 9 3 
0 8 0 
7 6 1 
18 4 0 
14 9 5 
3 0 0 
0 5 0 
11 11 3 
31 21 9 
25 17 11 
0 0 0 
3 16 4 
12 0 0 
6 0 3 
0 0 0 
0 4 0 
35 150 153 
2 15 7 
0 44 124 
119 57 53 
255 170 163 
118 57 34 
56 34 78 
3 25 7 
5 48 8 
214 173 122 
163 75 43 
48 66 133 
13 35 5 
255 107 93 
199 53 32 
75 58 76 
26 46 11 
37 55 12 
170 182 157 
151 128 83 
179 154 163 
190 87 54 
255 111 85 
135 41 13 
62 34 17 
14 22 186 
0 10 255 
255 109 93 
123 155 79 
37 58 133 
15 18 11 
134 231 88 
138 89 77 
52 13 10 
3 20 157 
6 125 255 
65 255 255 
3 73 44 
4 58 82 
132 97 255 
160 65 63 
151 34 20 
80 81 105 
12 13 98 
105 96 148 
255 195 115 
82 119 89 
10 21 255 
5 13 255 
176 102 74 
135 29 22 
23 22 90 
10 31 25 
48 255 255 
32 187 255 
9 35 91 
3 21 18 
143 122 71 
185 114 82 
119 81 49 
118 73 144 
6 19 141 
167 113 115 
255 145 83 
82 79 79 
61 52 33 
36 148 77 
211 163 176 
24 3 7 
4 29 118 
0 13 73 
62 255 255 
13 167 109 
5 75 73 
8 46 14 
127 108 55 
194 141 91 
95 83 61 
42 48 129 
3 9 77 
255 127 107 
225 186 68 
90 66 139 
0 7 255 
5 22 207 
210 83 70 
85 34 29 
18 58 139 
6 15 6 
78 255 255 
15 25 93 
4 40 83 
55 32 20 
117 101 55 
168 114 76 
93 52 15 
44 30 129 
2 10 125 
255 173 125 
216 241 75 
109 61 85 
22 3 0 
54 134 71 
255 144 113 
49 20 16 
5 44 126 
0 7 171 
70 255 255 
15 127 62 
7 52 57 
101 52 50 
209 132 157 
190 67 44 
45 74 76 
23 19 75 
34 19 109 
255 203 140 
255 174 83 
53 40 167 
0 4 255 
134 77 72 
164 71 41 
17 27 90 
21 51 77 
1 13 2 
45 243 239 
15 35 105 
0 36 93 
85 118 64 
151 115 121 
255 87 68 
55 51 65 
18 82 52 
16 92 27 
254 125 83 
168 108 88 
74 95 141 
28 112 36 
255 138 99 
255 211 127 
101 69 82 
40 92 46 
69 73 22 
118 242 255 
139 89 132 
161 133 162 
159 174 71 
247 98 88 
204 114 42 
22 30 63 
17 5 1 
20 49 2 
181 67 51 
18 11 4 
85 149 136 
81 31 17 
183 244 87 
127 91 31 
68 42 80 
63 21 15 
52 17 10 
95 189 160 
71 55 31 
76 42 116 
161 43 36 
154 99 86 
156 103 51 
99 41 72 
84 30 22 
84 35 26 
217 175 94 
114 59 22 
104 96 136 
66 16 8 
255 181 157 
193 26 5 
76 61 94 
92 0 0 
4 0 0 
134 139 134 
76 12 8 
74 34 122 
87 28 22 
191 168 129 
158 32 11 
118 40 57 
4 27 8 
30 88 46 
168 103 63 
153 255 147 
35 255 233 
49 103 47 
255 255 173 
122 103 57 
34 60 70 
5 31 18 
61 255 226 
28 152 134 
12 57 86 
6 66 42 
157 120 95 
255 133 92 
97 62 29 
63 76 84 
11 44 9 
84 255 255 
81 114 130 
99 99 128 
15 39 16 
198 108 75 
171 138 72 
116 32 7 
17 27 66 
14 16 0 
57 255 255 
21 87 68 
29 39 113 
17 14 5 
176 95 77 
201 115 34 
41 17 0 
30 29 66 
25 39 8 
193 129 88 
216 42 15 
45 47 72 
48 65 33 
44 4 0 
180 154 74 
52 99 101 
51 60 130 
54 23 15 
110 255 255 
104 98 28 
77 38 72 
91 16 17 
148 67 51 
204 110 68 
132 24 3 
122 67 135 
84 25 19 
255 255 142 
165 116 30 
90 62 75 
79 27 17 
85 11 8 
213 112 77 
187 14 1 
56 75 144 
2 0 0 
142 255 255 
94 39 25 
86 43 74 
107 44 41 
81 19 11 
168 110 70 
168 24 10 
23 72 133 
17 66 19 
255 255 209 
101 81 45 
104 221 72 
48 55 13 
44 73 46 
185 155 132 
39 64 63 
14 46 73 
28 148 105 
32 255 255 
11 26 11 
9 90 77 
140 103 59 
103 65 68 
171 172 111 
111 90 107 
34 48 51 
37 159 141 
147 255 255 
66 69 40 
67 65 72 
154 87 58 
139 74 68 
200 95 52 
103 62 111 
27 21 18 
50 140 128 
37 174 150 
31 28 4 
32 35 58 
161 68 44 
187 137 102 
145 55 29 
54 33 123 
4 10 70 
100 66 181 
197 160 63 
158 192 117 
43 61 81 
14 211 21 
255 255 180 
174 59 49 
6 31 118 
1 7 45 
35 139 255 
11 195 88 
8 45 34 
21 69 190 
152 105 255 
255 119 110 
173 17 11 
39 73 151 
3 5 16 
130 120 201 
133 255 83 
68 64 39 
16 36 255 
12 45 172 
255 136 126 
103 25 19 
15 79 145 
11 14 10 
39 127 128 
27 34 188 
9 18 29 
5 41 133 
94 140 36 
255 137 100 
70 71 43 
139 43 78 
1 7 4 
3 1 0 
207 140 94 
129 27 14 
27 42 125 
16 7 2 
255 138 102 
51 14 10 
3 10 59 
0 15 3 
18 255 124 
19 127 127 
0 36 55 
1 41 59 
107 30 36 
255 93 68 
134 17 9 
45 26 59 
2 9 0 
107 42 43 
158 72 47 
150 34 80 
6 21 38 
51 27 32 
255 59 47 
90 24 18 
21 22 66 
0 15 5 
60 255 255 
7 74 97 
0 48 109 
0 32 15 
89 29 21 
0 0 0 
0 0 0 
0 0 3 
0 6 0 
0 0 0 
0 1 4 
0 5 1 
0 1 0 
0 0 2 
0 0 0 
0 0 0 
0 5 2 
0 15 0 
0 0 0 
0 2 6 
0 21 5 
0 16 0 
0 0 0 
0 0 0 
0 0 0 
0 0 0 
0 0 0 
0 0 0 
0 0 0 
0 0 0 
0 0 0 
0 0 0 
0 0 0 
0 0 0 
0 0 0 
0 0 0 
0 0 0 
0 0 0 
0 0 0 
0 0 0 
55 15 13 
89 71 15 
96 64 16 
41 10 9 
2 25 0 
153 82 41 
94 80 32 
51 29 22 
24 6 1 
88 61 40 
160 53 41 
51 7 8 
2 35 22 
0 2 0 
9 50 20 
1 54 18 
1 69 18 
0 14 0 
70 65 44 
95 82 37 
180 12 6 
13 21 14 
15 14 0 
255 114 56 
145 72 38 
15 23 25 
0 2 1 
52 6 2 
70 25 15 
9 3 15 
7 19 16 
0 18 3 
9 34 12 
2 14 11 
0 44 6 
16 62 62 
165 108 129 
119 69 43 
74 88 105 
56 54 27 
156 124 61 
214 125 52 
176 93 46 
60 93 78 
70 63 28 
255 107 78 
190 89 52 
166 100 150 
68 81 25 
124 170 137 
135 163 124 
139 175 96 
138 132 116 
180 175 97 
51 68 28 
19 66 20 
2 34 4 
0 2 0 
0 0 0 
0 0 3 
0 0 0 
0 0 0 
0 0 0 
0 0 0 
0 0 0 
1 2 0 
0 0 0 
5 40 7 
0 0 0 
0 0 0 
0 0 0 
0 0 0 
1 1 0 
0 0 0 
0 0 0 
0 0 0 
0 0 0 
0 0 1 
0 0 0 
0 0 0 
0 0 0 
0 0 0 
0 0 0 
2 3 0 
0 0 0 
6 42 9 
0 0 0 
0 0 0 
0 0 0 
0 0 0 
0 15 11 
1 27 20 
1 0 3 
0 0 0 
0 1 0 
0 0 0 
0 0 0 
0 1 0 
0 255 35 
0 2 0 
0 3 9 
0 0 0 
0 0 0 
0 0 0 
0 0 0 
0 0 0 
0 0 0 
0 0 0 
0 10 5 
0 4 18 
0 0 1 
0 0 0 
0 0 0 
0 0 0 
0 0 0 
0 0 0 
0 12 6 
0 23 26 
0 19 10 
1 5 0 
0 1 0 
5 41 4 
0 0 0 
0 0 0 
0 0 0 
59 7 4 
34 61 37 
26 20 20 
16 5 4 
10 5 3 
8 5 4 
7 0 0 
53 8 6 
40 3 3 
31 3 2 
44 9 6 
32 6 5 
25 6 5 
18 4 3 
24 4 8 
31 12 9 
23 17 13 
40 0 0 
38 11 9 
59 9 7 
52 8 6 
46 9 7 
43 4 3 
20 5 17 
50 7 6 
48 11 7 
49 38 17 
74 71 75 
50 65 80 
63 37 33 
25 0 0 
0 4 1 
57 45 60 
73 25 21 
68 44 33 
58 4 2 
118 75 56 
190 52 39 
118 48 27 
10 13 0 
0 1 0 
157 25 61 
75 31 19 
40 3 1 
1 1 0 
135 50 36 
255 48 36 
68 14 7 
1 1 0 
0 24 51 
8 54 73 
0 9 0 
0 0 0 
1 2 2 
152 96 74 
200 65 47 
144 35 31 
5 3 4 
6 77 105 
64 37 87 
49 26 17 
5 0 0 
0 1 0 
70 209 210 
42 58 69 
56 20 6 
0 4 0 
5 67 107 
8 27 50 
30 20 15 
202 34 24 
39 1 0 
235 54 51 
85 29 15 
23 31 26 
5 24 14 
22 41 125 
24 25 36 
29 42 28 
20 40 6 
8 14 4 
209 88 75 
142 7 3 
72 21 33 
68 50 27 
86 97 143 
53 25 37 
70 62 22 
60 55 9 
86 27 11 
220 78 64 
77 16 11 
26 14 8 
8 17 3 
19 26 139 
16 7 14 
16 21 14 
4 15 3 
6 2 0 
36 159 210 
2 2 5 
12 27 25 
6 17 8 
11 64 84 
3 4 8 
8 39 38 
141 71 35 
23 19 8 
162 100 112 
170 40 25 
15 44 35 
1 23 12 
19 44 77 
29 36 29 
32 37 22 
28 31 10 
8 12 4 
255 97 87 
172 52 37 
79 40 47 
65 69 29 
80 75 94 
56 13 21 
67 36 26 
60 67 20 
71 30 19 
255 81 78 
174 38 25 
13 18 10 
18 11 1 
15 20 73 
21 6 10 
17 18 8 
7 14 5 
15 173 59 
44 255 255 
4 21 48 
11 28 20 
5 27 7 
10 53 76 
7 13 11 
30 31 33 
138 73 28 
94 50 56 
255 85 73 
92 26 18 
8 36 28 
3 16 8 
28 32 77 
33 34 24 
36 17 6 
21 36 10 
97 55 61 
255 125 95 
122 22 14 
86 50 42 
100 49 21 
82 78 101 
78 28 21 
81 75 25 
77 59 23 
134 65 60 
255 125 85 
65 14 12 
13 18 7 
7 22 0 
17 13 72 
18 20 17 
16 15 10 
5 13 3 
63 255 255 
5 105 242 
5 11 17 
6 13 8 
2 24 5 
8 48 83 
6 16 25 
74 76 46 
101 44 18 
171 115 120 
255 132 93 
50 37 30 
2 18 10 
17 24 11 
26 38 85 
26 37 24 
32 41 16 
11 19 5 
248 83 72 
255 75 55 
84 20 23 
42 44 18 
59 15 5 
49 52 92 
44 27 13 
33 58 13 
34 17 5 
255 105 102 
182 79 58 
38 8 5 
11 16 0 
7 6 0 
15 21 142 
13 12 10 
3 19 10 
2 2 0 
30 130 130 
2 48 102 
3 10 6 
7 27 13 
8 68 37 
8 45 121 
14 38 36 
194 114 44 
78 44 19 
15 25 12 
6 37 2 
5 9 7 
7 12 4 
15 21 4 
10 4 0 
13 11 14 
27 6 2 
33 2 0 
25 9 7 
22 4 3 
36 50 37 
43 33 17 
53 139 37 
45 19 15 
47 69 25 
34 43 6 
51 21 8 
31 20 12 
35 1 0 
32 6 14 
22 24 8 
22 17 8 
12 17 15 
9 27 18 
1 6 2 
0 0 0 
2 1 0 
5 0 0 
17 29 29 
4 15 2 
40 247 49 
3 3 2 
3 63 16 
14 23 3 
2 122 169 
16 28 15 
16 14 17 
16 27 11 
5 50 9 
15 101 11 
13 15 2 
10 28 10 
4 22 1 
2 4 1 
2 5 2 
1 0 0 
22 30 15 
6 30 3 
37 143 41 
20 16 9 
17 57 13 
13 31 6 
7 10 3 
0 5 0 
0 0 0 
0 0 0 
0 0 0 
0 0 0 
0 0 0 
0 0 0 
0 0 0 
0 0 0 
0 0 0 
0 0 0 
0 0 0 
0 0 0 
0 0 0 
0 0 0 
0 0 0 
0 0 0 
0 0 0 
0 0 0 
0 0 0 
0 0 0 
0 0 0 
0 0 0 
0 0 0 
0 0 0 
0 0 0 
0 0 0 
0 0 0 
0 0 0 
0 0 0 
0 0 0 